"Station Name","PUKASKWA (AUT)"
"Province","ONTARIO"
"Latitude","48.59"
"Longitude","-86.29"
"Elevation","207.60"
"Climate Identifier","6046767"
"WMO Identifier","71750"
"TC Identifier","WCJ"
"All times are specified in Local Standard Time (LST). Add 1 hour to adjust for Daylight Saving Time where and when it is observed."

"Legend"
"E","Estimated"
"M","Missing"
"NA","Not Available"

"Date/Time","Year","Month","Day","Time","Temp (°C)","Temp Flag","Dew Point Temp (°C)","Dew Point Temp Flag","Rel Hum (%)","Rel Hum Flag","Wind Dir (10s deg)","Wind Dir Flag","Wind Spd (km/h)","Wind Spd Flag","Visibility (km)","Visibility Flag","Stn Press (kPa)","Stn Press Flag","Hmdx","Hmdx Flag","Wind Chill","Wind Chill Flag","Weather"
"1995-06-01 00:00","1995","06","01","00:00","10.2","","6.4","","77","","16","","9","","","","","M","","","","","NA"
"1995-06-01 01:00","1995","06","01","01:00","10.9","","6.6","","75","","17","","17","","","","","M","","","","","NA"
"1995-06-01 02:00","1995","06","01","02:00","9.1","","5.9","","80","","17","","24","","","","","M","","","","","NA"
"1995-06-01 03:00","1995","06","01","03:00","8.6","","5.9","","83","","17","","20","","","","","M","","","","","NA"
"1995-06-01 04:00","1995","06","01","04:00","8.5","","6.0","","84","","16","","20","","","","","M","","","","","NA"
"1995-06-01 05:00","1995","06","01","05:00","7.6","","5.7","","88","","17","","19","","","","","M","","","","","NA"
"1995-06-01 06:00","1995","06","01","06:00","8.2","","6.1","","87","","17","","17","","","","","M","","","","","NA"
"1995-06-01 07:00","1995","06","01","07:00","9.3","","6.1","","80","","16","","19","","","","","M","","","","","NA"
"1995-06-01 08:00","1995","06","01","08:00","9.7","","6.2","","79","","18","","17","","","","","M","","","","","NA"
"1995-06-01 09:00","1995","06","01","09:00","8.9","","5.9","","81","","20","","6","","","","","M","","","","","NA"
"1995-06-01 10:00","1995","06","01","10:00","12.3","","","M","","M","17","","11","","","","","M","","","","","NA"
"1995-06-01 11:00","1995","06","01","11:00"
"1995-06-01 12:00","1995","06","01","12:00"
"1995-06-01 13:00","1995","06","01","13:00"
"1995-06-01 14:00","1995","06","01","14:00"
"1995-06-01 15:00","1995","06","01","15:00"
"1995-06-01 16:00","1995","06","01","16:00","13.6","","6.4","","62","","","","0","","","","","M","","","","","NA"
"1995-06-01 17:00","1995","06","01","17:00","12.4","","6.8","","69","","20","","9","","","","","M","","","","","NA"
"1995-06-01 18:00","1995","06","01","18:00","10.1","","6.1","","76","","19","","7","","","","","M","","","","","NA"
"1995-06-01 19:00","1995","06","01","19:00","8.9","","5.6","","80","","17","","6","","","","","M","","","","","NA"
"1995-06-01 20:00","1995","06","01","20:00","8.1","","5.4","","83","","16","","6","","","","","M","","","","","NA"
"1995-06-01 21:00","1995","06","01","21:00","6.4","","4.8","","89","","28","","2","","","","","M","","","","","NA"
"1995-06-01 22:00","1995","06","01","22:00","7.3","","5.2","","87","","29","","2","","","","","M","","","","","NA"
"1995-06-01 23:00","1995","06","01","23:00","11.9","","9.5","","85","","4","","9","","","","","M","","","","","NA"
"1995-06-02 00:00","1995","06","02","00:00","13.5","","10.0","","79","","5","","15","","","","","M","","","","","NA"
"1995-06-02 01:00","1995","06","02","01:00","12.6","","9.7","","82","","7","","13","","","","","M","","","","","NA"
"1995-06-02 02:00","1995","06","02","02:00","12.2","","9.4","","83","","6","","17","","","","","M","","","","","NA"
"1995-06-02 03:00","1995","06","02","03:00","11.5","","9.0","","85","","7","","22","","","","","M","","","","","NA"
"1995-06-02 04:00","1995","06","02","04:00","10.9","","8.7","","86","","6","","15","","","","","M","","","","","NA"
"1995-06-02 05:00","1995","06","02","05:00","10.4","","8.0","","85","","6","","20","","","","","M","","","","","NA"
"1995-06-02 06:00","1995","06","02","06:00","10.8","","7.6","","81","","7","","15","","","","","M","","","","","NA"
"1995-06-02 07:00","1995","06","02","07:00","11.8","","7.6","","75","","8","","24","","","","","M","","","","","NA"
"1995-06-02 08:00","1995","06","02","08:00"
"1995-06-02 09:00","1995","06","02","09:00"
"1995-06-02 10:00","1995","06","02","10:00"
"1995-06-02 11:00","1995","06","02","11:00","18.3","","9.1","","55","","1","","9","","","","","M","","","","","NA"
"1995-06-02 12:00","1995","06","02","12:00","19.5","","9.5","","52","","2","","15","","","","","M","","","","","NA"
"1995-06-02 13:00","1995","06","02","13:00","22.3","","11.0","","49","","8","","13","","","","","M","","","","","NA"
"1995-06-02 14:00","1995","06","02","14:00","23.5","","10.6","","44","","6","","13","","","","","M","25","","","","NA"
"1995-06-02 15:00","1995","06","02","15:00","24.0","","10.8","","43","","5","","20","","","","","M","26","","","","NA"
"1995-06-02 16:00","1995","06","02","16:00","21.6","","9.8","","47","","3","","22","","","","","M","","","","","NA"
"1995-06-02 17:00","1995","06","02","17:00","22.4","","9.5","","44","","3","","17","","","","","M","","","","","NA"
"1995-06-02 18:00","1995","06","02","18:00","19.7","","8.8","","49","","7","","24","","","","","M","","","","","NA"
"1995-06-02 19:00","1995","06","02","19:00","18.5","","8.4","","52","","8","","20","","","","","M","","","","","NA"
"1995-06-02 20:00","1995","06","02","20:00","16.6","","7.6","","55","","6","","17","","","","","M","","","","","NA"
"1995-06-02 21:00","1995","06","02","21:00","15.2","","7.1","","58","","7","","15","","","","","M","","","","","NA"
"1995-06-02 22:00","1995","06","02","22:00","14.2","","6.1","","58","","7","","19","","","","","M","","","","","NA"
"1995-06-02 23:00","1995","06","02","23:00","13.5","","5.1","","57","","8","","15","","","","","M","","","","","NA"
"1995-06-03 00:00","1995","06","03","00:00","12.8","","4.5","","57","","6","","26","","","","","M","","","","","NA"
"1995-06-03 01:00","1995","06","03","01:00","12.1","","4.2","","58","","6","","24","","","","","M","","","","","NA"
"1995-06-03 02:00","1995","06","03","02:00","11.4","","3.7","","59","","6","","13","","","","","M","","","","","NA"
"1995-06-03 03:00","1995","06","03","03:00","10.2","","3.5","","63","","6","","17","","","","","M","","","","","NA"
"1995-06-03 04:00","1995","06","03","04:00","9.8","","3.4","","64","","7","","20","","","","","M","","","","","NA"
"1995-06-03 05:00","1995","06","03","05:00","9.3","","3.1","","65","","7","","19","","","","","M","","","","","NA"
"1995-06-03 06:00","1995","06","03","06:00","9.7","","2.8","","62","","7","","15","","","","","M","","","","","NA"
"1995-06-03 07:00","1995","06","03","07:00","11.2","","2.6","","55","","7","","15","","","","","M","","","","","NA"
"1995-06-03 08:00","1995","06","03","08:00","13.8","","2.7","","47","","8","","17","","","","","M","","","","","NA"
"1995-06-03 09:00","1995","06","03","09:00","15.8","","2.2","","40","","8","","15","","","","","M","","","","","NA"
"1995-06-03 10:00","1995","06","03","10:00","17.8","","1.1","","32","","10","","24","","","","","M","","","","","NA"
"1995-06-03 11:00","1995","06","03","11:00","19.6","","1.2","","29","","10","","24","","","","","M","","","","","NA"
"1995-06-03 12:00","1995","06","03","12:00","21.1","","2.0","","28","","7","","19","","","","","M","","","","","NA"
"1995-06-03 13:00","1995","06","03","13:00","21.7","","1.6","","26","","5","","6","","","","","M","","","","","NA"
"1995-06-03 14:00","1995","06","03","14:00","22.5","","2.0","","26","","7","","9","","","","","M","","","","","NA"
"1995-06-03 15:00","1995","06","03","15:00","23.2","","2.6","","26","","5","","7","","","","","M","","","","","NA"
"1995-06-03 16:00","1995","06","03","16:00","16.9","","2.1","","37","","31","","17","","","","","M","","","","","NA"
"1995-06-03 17:00","1995","06","03","17:00","12.7","","","M","","M","18","","11","","","","","M","","","","","NA"
"1995-06-03 18:00","1995","06","03","18:00","10.3","","2.7","","59","","17","","11","","","","","M","","","","","NA"
"1995-06-03 19:00","1995","06","03","19:00","8.8","","2.3","","64","","17","","4","","","","","M","","","","","NA"
"1995-06-03 20:00","1995","06","03","20:00","7.7","","2.2","","68","","16","","13","","","","","M","","","","","NA"
"1995-06-03 21:00","1995","06","03","21:00","7.7","","2.4","","69","","15","","6","","","","","M","","","","","NA"
"1995-06-03 22:00","1995","06","03","22:00","7.6","","3.5","","75","","10","","6","","","","","M","","","","","NA"
"1995-06-03 23:00","1995","06","03","23:00","7.3","","4.6","","83","","6","","7","","","","","M","","","","","NA"
"1995-06-04 00:00","1995","06","04","00:00","6.9","","3.7","","80","","5","","9","","","","","M","","","","","NA"
"1995-06-04 01:00","1995","06","04","01:00","6.9","","3.7","","80","","6","","11","","","","","M","","","","","NA"
"1995-06-04 02:00","1995","06","04","02:00","6.4","","3.2","","80","","5","","7","","","","","M","","","","","NA"
"1995-06-04 03:00","1995","06","04","03:00","5.9","","2.9","","81","","4","","11","","","","","M","","","","","NA"
"1995-06-04 04:00","1995","06","04","04:00","5.8","","2.9","","82","","4","","13","","","","","M","","","","","NA"
"1995-06-04 05:00","1995","06","04","05:00","5.9","","3.2","","83","","6","","13","","","","","M","","","","","NA"
"1995-06-04 06:00","1995","06","04","06:00","6.1","","3.6","","84","","6","","6","","","","","M","","","","","NA"
"1995-06-04 07:00","1995","06","04","07:00","8.3","","5.2","","81","","8","","7","","","","","M","","","","","NA"
"1995-06-04 08:00","1995","06","04","08:00","12.0","","","M","","M","17","","4","","","","","M","","","","","NA"
"1995-06-04 09:00","1995","06","04","09:00","9.7","","3.4","","65","","23","","4","","","","","M","","","","","NA"
"1995-06-04 10:00","1995","06","04","10:00","7.7","","3.2","","73","","18","","4","","","","","M","","","","","NA"
"1995-06-04 11:00","1995","06","04","11:00","10.1","","3.1","","62","","19","","6","","","","","M","","","","","NA"
"1995-06-04 12:00","1995","06","04","12:00","7.4","","2.8","","73","","21","","9","","","","","M","","","","","NA"
"1995-06-04 13:00","1995","06","04","13:00","10.0","","3.2","","63","","20","","7","","","","","M","","","","","NA"
"1995-06-04 14:00","1995","06","04","14:00","11.8","","3.6","","57","","17","","9","","","","","M","","","","","NA"
"1995-06-04 15:00","1995","06","04","15:00","11.7","","3.4","","57","","17","","9","","","","","M","","","","","NA"
"1995-06-04 16:00","1995","06","04","16:00","8.6","","3.0","","68","","22","","4","","","","","M","","","","","NA"
"1995-06-04 17:00","1995","06","04","17:00","10.1","","3.3","","63","","17","","7","","","","","M","","","","","NA"
"1995-06-04 18:00","1995","06","04","18:00","8.5","","3.2","","69","","22","","4","","","","","M","","","","","NA"
"1995-06-04 19:00","1995","06","04","19:00","7.4","","2.9","","73","","22","","4","","","","","M","","","","","NA"
"1995-06-04 20:00","1995","06","04","20:00","7.5","","3.2","","74","","","","0","","","","","M","","","","","NA"
"1995-06-04 21:00","1995","06","04","21:00","6.7","","2.8","","76","","19","","6","","","","","M","","","","","NA"
"1995-06-04 22:00","1995","06","04","22:00","6.7","","3.0","","77","","19","","2","","","","","M","","","","","NA"
"1995-06-04 23:00","1995","06","04","23:00","6.3","","2.7","","78","","22","","4","","","","","M","","","","","NA"
"1995-06-05 00:00","1995","06","05","00:00","5.4","","2.7","","83","","17","","6","","","","","M","","","","","NA"
"1995-06-05 01:00","1995","06","05","01:00","4.9","","2.2","","83","","20","","9","","","","","M","","","","","NA"
"1995-06-05 02:00","1995","06","05","02:00","5.2","","2.7","","84","","15","","2","","","","","M","","","","","NA"
"1995-06-05 03:00","1995","06","05","03:00","6.7","","3.1","","78","","8","","17","","","","","M","","","","","NA"
"1995-06-05 04:00","1995","06","05","04:00","7.5","","3.4","","75","","11","","7","","","","","M","","","","","NA"
"1995-06-05 05:00","1995","06","05","05:00","7.2","","4.1","","81","","8","","7","","","","","M","","","","","NA"
"1995-06-05 06:00","1995","06","05","06:00","8.9","","3.7","","70","","16","","9","","","","","M","","","","","NA"
"1995-06-05 07:00","1995","06","05","07:00","7.4","","3.1","","74","","28","","6","","","","","M","","","","","NA"
"1995-06-05 08:00","1995","06","05","08:00","8.8","","3.5","","69","","26","","4","","","","","M","","","","","NA"
"1995-06-05 09:00","1995","06","05","09:00","10.4","","3.8","","64","","22","","6","","","","","M","","","","","NA"
"1995-06-05 10:00","1995","06","05","10:00","10.4","","3.9","","64","","23","","7","","","","","M","","","","","NA"
"1995-06-05 11:00","1995","06","05","11:00","9.4","","3.5","","67","","23","","9","","","","","M","","","","","NA"
"1995-06-05 12:00","1995","06","05","12:00","10.7","","4.3","","65","","19","","11","","","","","M","","","","","NA"
"1995-06-05 13:00","1995","06","05","13:00","11.9","","4.8","","62","","18","","13","","","","","M","","","","","NA"
"1995-06-05 14:00","1995","06","05","14:00","12.5","","5.0","","60","","18","","7","","","","","M","","","","","NA"
"1995-06-05 15:00","1995","06","05","15:00","11.0","","5.2","","67","","20","","9","","","","","M","","","","","NA"
"1995-06-05 16:00","1995","06","05","16:00","9.6","","4.5","","70","","20","","11","","","","","M","","","","","NA"
"1995-06-05 17:00","1995","06","05","17:00","11.0","","5.2","","67","","17","","6","","","","","M","","","","","NA"
"1995-06-05 18:00","1995","06","05","18:00","8.8","","5.8","","81","","23","","6","","","","","M","","","","","NA"
"1995-06-05 19:00","1995","06","05","19:00","8.5","","5.5","","81","","16","","2","","","","","M","","","","","NA"
"1995-06-05 20:00","1995","06","05","20:00","9.2","","6.0","","80","","9","","4","","","","","M","","","","","NA"
"1995-06-05 21:00","1995","06","05","21:00","9.1","","6.2","","82","","6","","4","","","","","M","","","","","NA"
"1995-06-05 22:00","1995","06","05","22:00","7.6","","5.6","","87","","19","","6","","","","","M","","","","","NA"
"1995-06-05 23:00","1995","06","05","23:00","7.4","","5.8","","90","","18","","6","","","","","M","","","","","NA"
"1995-06-06 00:00","1995","06","06","00:00","7.0","","5.5","","90","","","","0","","","","","M","","","","","NA"
"1995-06-06 01:00","1995","06","06","01:00","8.2","","6.3","","88","","34","","7","","","","","M","","","","","NA"
"1995-06-06 02:00","1995","06","06","02:00","9.4","","7.4","","87","","34","","4","","","","","M","","","","","NA"
"1995-06-06 03:00","1995","06","06","03:00","9.7","","7.5","","86","","2","","4","","","","","M","","","","","NA"
"1995-06-06 04:00","1995","06","06","04:00","9.0","","7.8","","92","","9","","2","","","","","M","","","","","NA"
"1995-06-06 05:00","1995","06","06","05:00","9.4","","8.2","","92","","7","","2","","","","","M","","","","","NA"
"1995-06-06 06:00","1995","06","06","06:00","11.1","","8.9","","86","","17","","4","","","","","M","","","","","NA"
"1995-06-06 07:00","1995","06","06","07:00","10.7","","8.9","","89","","19","","13","","","","","M","","","","","NA"
"1995-06-06 08:00","1995","06","06","08:00","10.3","","8.4","","88","","16","","13","","","","","M","","","","","NA"
"1995-06-06 09:00","1995","06","06","09:00","10.6","","8.3","","86","","18","","13","","","","","M","","","","","NA"
"1995-06-06 10:00","1995","06","06","10:00","9.4","","7.6","","89","","23","","7","","","","","M","","","","","NA"
"1995-06-06 11:00","1995","06","06","11:00","10.3","","8.4","","88","","23","","6","","","","","M","","","","","NA"
"1995-06-06 12:00","1995","06","06","12:00","10.0","","8.2","","89","","21","","6","","","","","M","","","","","NA"
"1995-06-06 13:00","1995","06","06","13:00","10.3","","8.0","","86","","19","","13","","","","","M","","","","","NA"
"1995-06-06 14:00","1995","06","06","14:00","12.4","","8.9","","79","","25","","7","","","","","M","","","","","NA"
"1995-06-06 15:00","1995","06","06","15:00","10.2","","8.0","","86","","22","","9","","","","","M","","","","","NA"
"1995-06-06 16:00","1995","06","06","16:00","10.9","","8.3","","84","","29","","7","","","","","M","","","","","NA"
"1995-06-06 17:00","1995","06","06","17:00","12.9","","9.4","","79","","19","","2","","","","","M","","","","","NA"
"1995-06-06 18:00","1995","06","06","18:00","13.2","","10.0","","81","","21","","4","","","","","M","","","","","NA"
"1995-06-06 19:00","1995","06","06","19:00","12.0","","9.7","","86","","31","","6","","","","","M","","","","","NA"
"1995-06-06 20:00","1995","06","06","20:00","12.9","","10.7","","86","","31","","2","","","","","M","","","","","NA"
"1995-06-06 21:00","1995","06","06","21:00","12.9","","10.9","","88","","2","","15","","","","","M","","","","","NA"
"1995-06-06 22:00","1995","06","06","22:00","13.9","","12.3","","90","","3","","15","","","","","M","","","","","NA"
"1995-06-06 23:00","1995","06","06","23:00","9.2","","8.1","","93","","5","","28","","","","","M","","","","","NA"
"1995-06-07 00:00","1995","06","07","00:00","7.1","","5.5","","90","","5","","41","","","","","M","","","","","NA"
"1995-06-07 01:00","1995","06","07","01:00","6.1","","4.7","","91","","5","","35","","","","","M","","","","","NA"
"1995-06-07 02:00","1995","06","07","02:00","5.8","","3.9","","88","","5","","32","","","","","M","","","","","NA"
"1995-06-07 03:00","1995","06","07","03:00","5.5","","3.4","","86","","5","","32","","","","","M","","","","","NA"
"1995-06-07 04:00","1995","06","07","04:00","5.2","","2.6","","83","","6","","28","","","","","M","","","","","NA"
"1995-06-07 05:00","1995","06","07","05:00","4.5","","1.4","","80","","6","","43","","","","","M","","","","","NA"
"1995-06-07 06:00","1995","06","07","06:00","4.3","","1.1","","80","","5","","41","","","","","M","","","","","NA"
"1995-06-07 07:00","1995","06","07","07:00","3.2","","2.2","","93","","5","","24","","","","","M","","","","","NA"
"1995-06-07 08:00","1995","06","07","08:00","3.1","","2.1","","93","","6","","32","","","","","M","","","","","NA"
"1995-06-07 09:00","1995","06","07","09:00","3.7","","2.1","","89","","6","","32","","","","","M","","","","","NA"
"1995-06-07 10:00","1995","06","07","10:00","4.0","","1.2","","82","","5","","33","","","","","M","","","","","NA"
"1995-06-07 11:00","1995","06","07","11:00","4.0","","0.9","","80","","4","","22","","","","","M","","","","","NA"
"1995-06-07 12:00","1995","06","07","12:00","3.3","","-0.2","","78","","4","","33","","","","","M","","","","","NA"
"1995-06-07 13:00","1995","06","07","13:00","3.3","","-0.8","","74","","4","","35","","","","","M","","","","","NA"
"1995-06-07 14:00","1995","06","07","14:00","4.0","","-2.2","","64","","6","","33","","","","","M","","","","","NA"
"1995-06-07 15:00","1995","06","07","15:00","4.3","","-0.8","","69","","4","","28","","","","","M","","","","","NA"
"1995-06-07 16:00","1995","06","07","16:00","4.7","","-1.5","","64","","5","","24","","","","","M","","","","","NA"
"1995-06-07 17:00","1995","06","07","17:00","5.3","","-1.5","","61","","4","","22","","","","","M","","","","","NA"
"1995-06-07 18:00","1995","06","07","18:00","6.6","","-0.9","","59","","5","","30","","","","","M","","","","","NA"
"1995-06-07 19:00","1995","06","07","19:00","5.6","","-1.4","","61","","6","","28","","","","","M","","","","","NA"
"1995-06-07 20:00","1995","06","07","20:00","5.3","","-1.5","","61","","4","","15","","","","","M","","","","","NA"
"1995-06-07 21:00","1995","06","07","21:00","4.9","","-0.7","","67","","5","","9","","","","","M","","","","","NA"
"1995-06-07 22:00","1995","06","07","22:00","4.6","","-0.3","","70","","4","","7","","","","","M","","","","","NA"
"1995-06-07 23:00","1995","06","07","23:00","3.5","","-0.4","","76","","2","","7","","","","","M","","","","","NA"
"1995-06-08 00:00","1995","06","08","00:00","2.1","","-0.3","","84","","4","","6","","","","","M","","","","","NA"
"1995-06-08 01:00","1995","06","08","01:00","0.4","","-0.8","","92","","6","","2","","","","","M","","","","","NA"
"1995-06-08 02:00","1995","06","08","02:00","0.1","","-1.1","","92","","5","","4","","","","","M","","","","","NA"
"1995-06-08 03:00","1995","06","08","03:00","-0.2","","-1.6","","90","","3","","7","","","","","M","","","-3","","NA"
"1995-06-08 04:00","1995","06","08","04:00","-1.4","","-2.2","","94","","3","","11","","","","","M","","","-5","","NA"
"1995-06-08 05:00","1995","06","08","05:00","-1.1","","-1.6","","96","","6","","9","","","","","M","","","-4","","NA"
"1995-06-08 06:00","1995","06","08","06:00","1.6","","-0.8","","84","","5","","11","","","","","M","","","","","NA"
"1995-06-08 07:00","1995","06","08","07:00","4.6","","-0.1","","72","","5","","7","","","","","M","","","","","NA"
"1995-06-08 08:00","1995","06","08","08:00","6.5","","0.4","","65","","35","","6","","","","","M","","","","","NA"
"1995-06-08 09:00","1995","06","08","09:00","7.0","","0.3","","62","","29","","9","","","","","M","","","","","NA"
"1995-06-08 10:00","1995","06","08","10:00","6.8","","0.5","","64","","30","","11","","","","","M","","","","","NA"
"1995-06-08 11:00","1995","06","08","11:00","7.6","","0.0","","59","","29","","15","","","","","M","","","","","NA"
"1995-06-08 12:00","1995","06","08","12:00","7.5","","0.1","","59","","29","","22","","","","","M","","","","","NA"
"1995-06-08 13:00","1995","06","08","13:00","8.4","","1.7","","63","","30","","11","","","","","M","","","","","NA"
"1995-06-08 14:00","1995","06","08","14:00","7.7","","2.0","","67","","31","","15","","","","","M","","","","","NA"
"1995-06-08 15:00","1995","06","08","15:00","7.9","","1.4","","63","","31","","17","","","","","M","","","","","NA"
"1995-06-08 16:00","1995","06","08","16:00","8.1","","0.9","","60","","29","","15","","","","","M","","","","","NA"
"1995-06-08 17:00","1995","06","08","17:00","7.5","","1.6","","66","","23","","7","","","","","M","","","","","NA"
"1995-06-08 18:00","1995","06","08","18:00","7.3","","0.7","","63","","21","","6","","","","","M","","","","","NA"
"1995-06-08 19:00","1995","06","08","19:00","5.7","","0.6","","70","","21","","7","","","","","M","","","","","NA"
"1995-06-08 20:00","1995","06","08","20:00","4.8","","0.7","","75","","18","","6","","","","","M","","","","","NA"
"1995-06-08 21:00","1995","06","08","21:00","3.8","","0.6","","80","","17","","7","","","","","M","","","","","NA"
"1995-06-08 22:00","1995","06","08","22:00","3.1","","0.4","","82","","12","","4","","","","","M","","","","","NA"
"1995-06-08 23:00","1995","06","08","23:00","2.4","","0.2","","85","","9","","6","","","","","M","","","","","NA"
"1995-06-09 00:00","1995","06","09","00:00","1.9","","0.3","","89","","6","","9","","","","","M","","","","","NA"
"1995-06-09 01:00","1995","06","09","01:00","1.6","","0.4","","92","","7","","7","","","","","M","","","","","NA"
"1995-06-09 02:00","1995","06","09","02:00","0.8","","0.0","","94","","7","","7","","","","","M","","","","","NA"
"1995-06-09 03:00","1995","06","09","03:00","0.6","","-0.4","","93","","4","","9","","","","","M","","","","","NA"
"1995-06-09 04:00","1995","06","09","04:00","0.2","","-1.1","","91","","6","","11","","","","","M","","","","","NA"
"1995-06-09 05:00","1995","06","09","05:00","0.8","","-0.6","","90","","6","","11","","","","","M","","","","","NA"
"1995-06-09 06:00","1995","06","09","06:00","3.2","","0.5","","82","","8","","7","","","","","M","","","","","NA"
"1995-06-09 07:00","1995","06","09","07:00","4.6","","1.4","","80","","4","","4","","","","","M","","","","","NA"
"1995-06-09 08:00","1995","06","09","08:00","6.4","","","M","","M","23","","4","","","","","M","","","","","NA"
"1995-06-09 09:00","1995","06","09","09:00","6.7","","0.5","","65","","25","","4","","","","","M","","","","","NA"
"1995-06-09 10:00","1995","06","09","10:00","7.1","","1.3","","67","","26","","6","","","","","M","","","","","NA"
"1995-06-09 11:00","1995","06","09","11:00","6.2","","1.5","","72","","26","","7","","","","","M","","","","","NA"
"1995-06-09 12:00","1995","06","09","12:00","5.9","","1.8","","75","","24","","7","","","","","M","","","","","NA"
"1995-06-09 13:00","1995","06","09","13:00","8.1","","0.9","","60","","24","","7","","","","","M","","","","","NA"
"1995-06-09 14:00","1995","06","09","14:00","8.1","","0.2","","57","","23","","7","","","","","M","","","","","NA"
"1995-06-09 15:00","1995","06","09","15:00","8.0","","-0.1","","57","","23","","6","","","","","M","","","","","NA"
"1995-06-09 16:00","1995","06","09","16:00","7.6","","-1.5","","52","","24","","6","","","","","M","","","","","NA"
"1995-06-09 17:00","1995","06","09","17:00","8.2","","-5.2","","38","","23","","7","","","","","M","","","","","NA"
"1995-06-09 18:00","1995","06","09","18:00","9.7","","-4.6","","36","","27","","4","","","","","M","","","","","NA"
"1995-06-09 19:00","1995","06","09","19:00","10.1","","-1.6","","44","","27","","4","","","","","M","","","","","NA"
"1995-06-09 20:00","1995","06","09","20:00","8.8","","-3.6","","41","","27","","2","","","","","M","","","","","NA"
"1995-06-09 21:00","1995","06","09","21:00","6.0","","-3.3","","51","","34","","2","","","","","M","","","","","NA"
"1995-06-09 22:00","1995","06","09","22:00","4.3","","","M","","M","1","","4","","","","","M","","","","","NA"
"1995-06-09 23:00","1995","06","09","23:00","3.5","","-3.5","","60","","8","","11","","","","","M","","","","","NA"
"1995-06-10 00:00","1995","06","10","00:00","2.6","","-3.3","","65","","7","","11","","","","","M","","","","","NA"
"1995-06-10 01:00","1995","06","10","01:00","1.6","","-2.8","","73","","8","","11","","","","","M","","","","","NA"
"1995-06-10 02:00","1995","06","10","02:00","2.0","","-2.3","","73","","7","","13","","","","","M","","","","","NA"
"1995-06-10 03:00","1995","06","10","03:00","2.1","","-2.9","","69","","6","","11","","","","","M","","","","","NA"
"1995-06-10 04:00","1995","06","10","04:00","2.4","","-1.9","","73","","7","","11","","","","","M","","","","","NA"
"1995-06-10 05:00","1995","06","10","05:00","2.7","","-0.5","","79","","7","","7","","","","","M","","","","","NA"
"1995-06-10 06:00","1995","06","10","06:00","3.3","","0.0","","79","","8","","6","","","","","M","","","","","NA"
"1995-06-10 07:00","1995","06","10","07:00","4.6","","0.8","","76","","7","","7","","","","","M","","","","","NA"
"1995-06-10 08:00","1995","06","10","08:00","8.7","","1.8","","62","","5","","6","","","","","M","","","","","NA"
"1995-06-10 09:00","1995","06","10","09:00","9.0","","0.9","","57","","25","","6","","","","","M","","","","","NA"
"1995-06-10 10:00","1995","06","10","10:00","9.9","","0.1","","50","","15","","2","","","","","M","","","","","NA"
"1995-06-10 11:00","1995","06","10","11:00","11.8","","-0.6","","42","","20","","2","","","","","M","","","","","NA"
"1995-06-10 12:00","1995","06","10","12:00","12.1","","-0.1","","43","","24","","11","","","","","M","","","","","NA"
"1995-06-10 13:00","1995","06","10","13:00","7.5","","","M","","M","21","","9","","","","","M","","","","","NA"
"1995-06-10 14:00","1995","06","10","14:00","8.0","","2.8","","70","","21","","6","","","","","M","","","","","NA"
"1995-06-10 15:00","1995","06","10","15:00","8.6","","3.0","","68","","18","","7","","","","","M","","","","","NA"
"1995-06-10 16:00","1995","06","10","16:00","8.7","","3.1","","68","","20","","4","","","","","M","","","","","NA"
"1995-06-10 17:00","1995","06","10","17:00","7.7","","2.9","","72","","19","","4","","","","","M","","","","","NA"
"1995-06-10 18:00","1995","06","10","18:00","9.2","","3.6","","68","","17","","6","","","","","M","","","","","NA"
"1995-06-10 19:00","1995","06","10","19:00","8.3","","3.8","","73","","20","","4","","","","","M","","","","","NA"
"1995-06-10 20:00","1995","06","10","20:00","7.2","","3.1","","75","","20","","2","","","","","M","","","","","NA"
"1995-06-10 21:00","1995","06","10","21:00","7.1","","3.6","","78","","2","","2","","","","","M","","","","","NA"
"1995-06-10 22:00","1995","06","10","22:00","6.6","","3.9","","83","","","","0","","","","","M","","","","","NA"
"1995-06-10 23:00","1995","06","10","23:00","6.3","","4.2","","86","","30","","2","","","","","M","","","","","NA"
"1995-06-11 00:00","1995","06","11","00:00","6.1","","4.4","","89","","33","","4","","","","","M","","","","","NA"
"1995-06-11 01:00","1995","06","11","01:00","7.0","","4.2","","82","","10","","4","","","","","M","","","","","NA"
"1995-06-11 02:00","1995","06","11","02:00","7.3","","4.4","","82","","30","","9","","","","","M","","","","","NA"
"1995-06-11 03:00","1995","06","11","03:00","3.4","","2.4","","93","","19","","4","","","","","M","","","","","NA"
"1995-06-11 04:00","1995","06","11","04:00","5.4","","4.1","","91","","36","","7","","","","","M","","","","","NA"
"1995-06-11 05:00","1995","06","11","05:00","6.4","","5.5","","94","","3","","11","","","","","M","","","","","NA"
"1995-06-11 06:00","1995","06","11","06:00","8.8","","6.4","","85","","4","","17","","","","","M","","","","","NA"
"1995-06-11 07:00","1995","06","11","07:00","9.5","","6.6","","82","","3","","17","","","","","M","","","","","NA"
"1995-06-11 08:00","1995","06","11","08:00","12.5","","","M","","M","5","","15","","","","","M","","","","","NA"
"1995-06-11 09:00","1995","06","11","09:00","14.5","","5.9","","56","","2","","17","","","","","M","","","","","NA"
"1995-06-11 10:00","1995","06","11","10:00","15.6","","4.2","","47","","4","","15","","","","","M","","","","","NA"
"1995-06-11 11:00","1995","06","11","11:00","17.0","","2.6","","38","","3","","22","","","","","M","","","","","NA"
"1995-06-11 12:00","1995","06","11","12:00","18.2","","2.0","","34","","36","","19","","","","","M","","","","","NA"
"1995-06-11 13:00","1995","06","11","13:00","18.4","","1.8","","33","","2","","9","","","","","M","","","","","NA"
"1995-06-11 14:00","1995","06","11","14:00","19.3","","2.1","","32","","31","","13","","","","","M","","","","","NA"
"1995-06-11 15:00","1995","06","11","15:00","12.9","","","M","","M","30","","9","","","","","M","","","","","NA"
"1995-06-11 16:00","1995","06","11","16:00","10.5","","2.5","","58","","29","","19","","","","","M","","","","","NA"
"1995-06-11 17:00","1995","06","11","17:00","12.6","","1.9","","48","","28","","24","","","","","M","","","","","NA"
"1995-06-11 18:00","1995","06","11","18:00","10.5","","2.3","","57","","28","","17","","","","","M","","","","","NA"
"1995-06-11 19:00","1995","06","11","19:00","10.7","","2.1","","55","","29","","11","","","","","M","","","","","NA"
"1995-06-11 20:00","1995","06","11","20:00","8.5","","2.3","","65","","22","","4","","","","","M","","","","","NA"
"1995-06-11 21:00","1995","06","11","21:00","7.3","","2.3","","71","","12","","4","","","","","M","","","","","NA"
"1995-06-11 22:00","1995","06","11","22:00","5.8","","2.3","","78","","13","","2","","","","","M","","","","","NA"
"1995-06-11 23:00","1995","06","11","23:00","5.4","","2.3","","80","","12","","6","","","","","M","","","","","NA"
"1995-06-12 00:00","1995","06","12","00:00","4.5","","1.8","","83","","10","","7","","","","","M","","","","","NA"
"1995-06-12 01:00","1995","06","12","01:00","3.7","","1.6","","86","","8","","9","","","","","M","","","","","NA"
"1995-06-12 02:00","1995","06","12","02:00","3.1","","1.3","","88","","8","","7","","","","","M","","","","","NA"
"1995-06-12 03:00","1995","06","12","03:00","2.6","","1.1","","90","","7","","11","","","","","M","","","","","NA"
"1995-06-12 04:00","1995","06","12","04:00","2.2","","1.1","","92","","8","","9","","","","","M","","","","","NA"
"1995-06-12 05:00","1995","06","12","05:00","2.1","","1.0","","92","","7","","6","","","","","M","","","","","NA"
"1995-06-12 06:00","1995","06","12","06:00","4.5","","2.1","","84","","12","","4","","","","","M","","","","","NA"
"1995-06-12 07:00","1995","06","12","07:00","6.4","","3.2","","80","","17","","9","","","","","M","","","","","NA"
"1995-06-12 08:00","1995","06","12","08:00","7.8","","3.7","","75","","18","","13","","","","","M","","","","","NA"
"1995-06-12 09:00","1995","06","12","09:00","8.1","","3.6","","73","","18","","15","","","","","M","","","","","NA"
"1995-06-12 10:00","1995","06","12","10:00","8.7","","3.3","","69","","20","","13","","","","","M","","","","","NA"
"1995-06-12 11:00","1995","06","12","11:00","9.5","","3.6","","67","","20","","17","","","","","M","","","","","NA"
"1995-06-12 12:00","1995","06","12","12:00","11.0","","3.3","","59","","19","","19","","","","","M","","","","","NA"
"1995-06-12 13:00","1995","06","12","13:00","9.9","","3.2","","63","","18","","17","","","","","M","","","","","NA"
"1995-06-12 14:00","1995","06","12","14:00","10.0","","3.3","","63","","19","","20","","","","","M","","","","","NA"
"1995-06-12 15:00","1995","06","12","15:00","11.5","","3.6","","58","","18","","22","","","","","M","","","","","NA"
"1995-06-12 16:00","1995","06","12","16:00","10.8","","3.5","","61","","18","","17","","","","","M","","","","","NA"
"1995-06-12 17:00","1995","06","12","17:00","10.4","","3.4","","62","","18","","17","","","","","M","","","","","NA"
"1995-06-12 18:00","1995","06","12","18:00","11.1","","3.4","","59","","18","","17","","","","","M","","","","","NA"
"1995-06-12 19:00","1995","06","12","19:00","9.9","","3.1","","63","","18","","13","","","","","M","","","","","NA"
"1995-06-12 20:00","1995","06","12","20:00","8.6","","3.4","","70","","17","","9","","","","","M","","","","","NA"
"1995-06-12 21:00","1995","06","12","21:00","11.0","","4.6","","65","","10","","6","","","","","M","","","","","NA"
"1995-06-12 22:00","1995","06","12","22:00","10.7","","6.1","","73","","8","","9","","","","","M","","","","","NA"
"1995-06-12 23:00","1995","06","12","23:00","9.5","","6.3","","80","","17","","2","","","","","M","","","","","NA"
"1995-06-13 00:00","1995","06","13","00:00","10.7","","7.7","","82","","10","","11","","","","","M","","","","","NA"
"1995-06-13 01:00","1995","06","13","01:00","10.1","","8.3","","89","","3","","4","","","","","M","","","","","NA"
"1995-06-13 02:00","1995","06","13","02:00","9.7","","8.7","","93","","15","","7","","","","","M","","","","","NA"
"1995-06-13 03:00","1995","06","13","03:00","7.8","","6.8","","93","","25","","2","","","","","M","","","","","NA"
"1995-06-13 04:00","1995","06","13","04:00","7.3","","6.5","","95","","23","","6","","","","","M","","","","","NA"
"1995-06-13 05:00","1995","06","13","05:00","6.6","","5.7","","94","","10","","7","","","","","M","","","","","NA"
"1995-06-13 06:00","1995","06","13","06:00","7.2","","4.5","","83","","5","","7","","","","","M","","","","","NA"
"1995-06-13 07:00","1995","06","13","07:00","9.7","","5.6","","76","","9","","7","","","","","M","","","","","NA"
"1995-06-13 08:00","1995","06","13","08:00","13.4","","7.7","","68","","11","","7","","","","","M","","","","","NA"
"1995-06-13 09:00","1995","06","13","09:00","15.0","","7.8","","62","","21","","2","","","","","M","","","","","NA"
"1995-06-13 10:00","1995","06","13","10:00","10.9","","4.9","","66","","20","","9","","","","","M","","","","","NA"
"1995-06-13 11:00","1995","06","13","11:00","9.4","","3.4","","66","","24","","4","","","","","M","","","","","NA"
"1995-06-13 12:00","1995","06","13","12:00","11.3","","4.1","","61","","17","","7","","","","","M","","","","","NA"
"1995-06-13 13:00","1995","06","13","13:00","10.1","","3.3","","63","","22","","7","","","","","M","","","","","NA"
"1995-06-13 14:00","1995","06","13","14:00","12.6","","","M","","M","5","","15","","","","","M","","","","","NA"
"1995-06-13 15:00","1995","06","13","15:00","16.8","","14.1","","84","","9","","7","","","","","M","","","","","NA"
"1995-06-13 16:00","1995","06","13","16:00","18.2","","13.2","","73","","7","","15","","","","","M","","","","","NA"
"1995-06-13 17:00","1995","06","13","17:00","19.4","","11.7","","61","","8","","19","","","","","M","","","","","NA"
"1995-06-13 18:00","1995","06","13","18:00","19.5","","9.1","","51","","8","","9","","","","","M","","","","","NA"
"1995-06-13 19:00","1995","06","13","19:00","18.8","","7.8","","49","","7","","19","","","","","M","","","","","NA"
"1995-06-13 20:00","1995","06","13","20:00","17.9","","8.7","","55","","8","","6","","","","","M","","","","","NA"
"1995-06-13 21:00","1995","06","13","21:00","14.2","","","M","","M","8","","6","","","","","M","","","","","NA"
"1995-06-13 22:00","1995","06","13","22:00","11.2","","8.6","","84","","7","","11","","","","","M","","","","","NA"
"1995-06-13 23:00","1995","06","13","23:00","11.2","","6.8","","74","","8","","13","","","","","M","","","","","NA"
"1995-06-14 00:00","1995","06","14","00:00","12.3","","","M","","M","8","","17","","","","","M","","","","","NA"
"1995-06-14 01:00","1995","06","14","01:00","10.9","","3.2","","59","","8","","20","","","","","M","","","","","NA"
"1995-06-14 02:00","1995","06","14","02:00","10.5","","1.9","","55","","9","","20","","","","","M","","","","","NA"
"1995-06-14 03:00","1995","06","14","03:00","10.4","","1.6","","54","","9","","22","","","","","M","","","","","NA"
"1995-06-14 04:00","1995","06","14","04:00","9.5","","1.5","","57","","10","","28","","","","","M","","","","","NA"
"1995-06-14 05:00","1995","06","14","05:00","9.5","","1.2","","56","","10","","24","","","","","M","","","","","NA"
"1995-06-14 06:00","1995","06","14","06:00","10.3","","1.8","","56","","9","","22","","","","","M","","","","","NA"
"1995-06-14 07:00","1995","06","14","07:00","11.4","","2.1","","53","","24","","11","","","","","M","","","","","NA"
"1995-06-14 08:00","1995","06","14","08:00","12.1","","2.2","","51","","23","","2","","","","","M","","","","","NA"
"1995-06-14 09:00","1995","06","14","09:00","12.9","","2.2","","48","","24","","6","","","","","M","","","","","NA"
"1995-06-14 10:00","1995","06","14","10:00","14.2","","2.2","","44","","24","","9","","","","","M","","","","","NA"
"1995-06-14 11:00","1995","06","14","11:00","14.1","","2.5","","45","","25","","4","","","","","M","","","","","NA"
"1995-06-14 12:00","1995","06","14","12:00","13.3","","2.6","","48","","21","","9","","","","","M","","","","","NA"
"1995-06-14 13:00","1995","06","14","13:00","15.4","","3.3","","44","","18","","11","","","","","M","","","","","NA"
"1995-06-14 14:00","1995","06","14","14:00","14.2","","3.3","","48","","18","","11","","","","","M","","","","","NA"
"1995-06-14 15:00","1995","06","14","15:00","14.6","","3.3","","47","","17","","13","","","","","M","","","","","NA"
"1995-06-14 16:00","1995","06","14","16:00","15.6","","2.9","","42","","17","","13","","","","","M","","","","","NA"
"1995-06-14 17:00","1995","06","14","17:00","13.3","","2.6","","48","","20","","11","","","","","M","","","","","NA"
"1995-06-14 18:00","1995","06","14","18:00","13.5","","2.0","","46","","23","","4","","","","","M","","","","","NA"
"1995-06-14 19:00","1995","06","14","19:00","14.1","","1.7","","43","","24","","2","","","","","M","","","","","NA"
"1995-06-14 20:00","1995","06","14","20:00","14.0","","2.9","","47","","","","0","","","","","M","","","","","NA"
"1995-06-14 21:00","1995","06","14","21:00","12.0","","2.8","","53","","","","0","","","","","M","","","","","NA"
"1995-06-14 22:00","1995","06","14","22:00","10.0","","","M","","M","11","","4","","","","","M","","","","","NA"
"1995-06-14 23:00","1995","06","14","23:00","9.7","","3.1","","63","","17","","4","","","","","M","","","","","NA"
"1995-06-15 00:00","1995","06","15","00:00","9.4","","1.5","","58","","21","","4","","","","","M","","","","","NA"
"1995-06-15 01:00","1995","06","15","01:00","7.2","","","M","","M","5","","4","","","","","M","","","","","NA"
"1995-06-15 02:00","1995","06","15","02:00","6.9","","3.9","","81","","6","","11","","","","","M","","","","","NA"
"1995-06-15 03:00","1995","06","15","03:00","7.3","","3.8","","78","","7","","9","","","","","M","","","","","NA"
"1995-06-15 04:00","1995","06","15","04:00","7.5","","4.7","","82","","10","","6","","","","","M","","","","","NA"
"1995-06-15 05:00","1995","06","15","05:00","8.2","","4.7","","79","","16","","2","","","","","M","","","","","NA"
"1995-06-15 06:00","1995","06","15","06:00","11.0","","5.6","","69","","18","","6","","","","","M","","","","","NA"
"1995-06-15 07:00","1995","06","15","07:00","11.6","","6.0","","68","","17","","11","","","","","M","","","","","NA"
"1995-06-15 08:00","1995","06","15","08:00","12.8","","5.2","","60","","17","","17","","","","","M","","","","","NA"
"1995-06-15 09:00","1995","06","15","09:00","12.6","","5.1","","60","","17","","15","","","","","M","","","","","NA"
"1995-06-15 10:00","1995","06","15","10:00","13.7","","5.6","","58","","17","","20","","","","","M","","","","","NA"
"1995-06-15 11:00","1995","06","15","11:00","13.5","","5.4","","58","","17","","15","","","","","M","","","","","NA"
"1995-06-15 12:00","1995","06","15","12:00","14.3","","5.7","","56","","17","","19","","","","","M","","","","","NA"
"1995-06-15 13:00","1995","06","15","13:00","14.1","","5.8","","57","","17","","24","","","","","M","","","","","NA"
"1995-06-15 14:00","1995","06","15","14:00","10.5","","5.2","","70","","20","","9","","","","","M","","","","","NA"
"1995-06-15 15:00","1995","06","15","15:00","13.9","","6.4","","61","","18","","11","","","","","M","","","","","NA"
"1995-06-15 16:00","1995","06","15","16:00","14.2","","6.8","","61","","17","","13","","","","","M","","","","","NA"
"1995-06-15 17:00","1995","06","15","17:00","13.5","","6.8","","64","","16","","15","","","","","M","","","","","NA"
"1995-06-15 18:00","1995","06","15","18:00","12.2","","6.2","","67","","19","","7","","","","","M","","","","","NA"
"1995-06-15 19:00","1995","06","15","19:00","12.2","","6.7","","69","","19","","4","","","","","M","","","","","NA"
"1995-06-15 20:00","1995","06","15","20:00","10.9","","7.0","","77","","","","0","","","","","M","","","","","NA"
"1995-06-15 21:00","1995","06","15","21:00","11.6","","8.3","","80","","27","","4","","","","","M","","","","","NA"
"1995-06-15 22:00","1995","06","15","22:00","11.3","","8.5","","83","","29","","6","","","","","M","","","","","NA"
"1995-06-15 23:00","1995","06","15","23:00","10.9","","9.1","","89","","9","","2","","","","","M","","","","","NA"
"1995-06-16 00:00","1995","06","16","00:00","11.8","","9.0","","83","","20","","6","","","","","M","","","","","NA"
"1995-06-16 01:00","1995","06","16","01:00","12.4","","7.3","","71","","17","","19","","","","","M","","","","","NA"
"1995-06-16 02:00","1995","06","16","02:00","11.1","","7.6","","79","","18","","19","","","","","M","","","","","NA"
"1995-06-16 03:00","1995","06","16","03:00","9.8","","6.8","","82","","21","","9","","","","","M","","","","","NA"
"1995-06-16 04:00","1995","06","16","04:00","9.6","","6.9","","83","","17","","20","","","","","M","","","","","NA"
"1995-06-16 05:00","1995","06","16","05:00","9.7","","6.9","","83","","17","","22","","","","","M","","","","","NA"
"1995-06-16 06:00","1995","06","16","06:00","11.1","","7.8","","80","","17","","17","","","","","M","","","","","NA"
"1995-06-16 07:00","1995","06","16","07:00","11.7","","7.8","","77","","17","","19","","","","","M","","","","","NA"
"1995-06-16 08:00","1995","06","16","08:00","12.3","","7.8","","74","","17","","22","","","","","M","","","","","NA"
"1995-06-16 09:00","1995","06","16","09:00","12.2","","7.1","","71","","17","","30","","","","","M","","","","","NA"
"1995-06-16 10:00","1995","06","16","10:00","13.1","","7.4","","68","","17","","28","","","","","M","","","","","NA"
"1995-06-16 11:00","1995","06","16","11:00","13.7","","7.2","","65","","16","","28","","","","","M","","","","","NA"
"1995-06-16 12:00","1995","06","16","12:00","13.9","","7.1","","64","","17","","26","","","","","M","","","","","NA"
"1995-06-16 13:00","1995","06","16","13:00","13.5","","7.2","","66","","18","","19","","","","","M","","","","","NA"
"1995-06-16 14:00","1995","06","16","14:00","13.5","","7.3","","66","","18","","15","","","","","M","","","","","NA"
"1995-06-16 15:00","1995","06","16","15:00","15.3","","7.7","","60","","19","","7","","","","","M","","","","","NA"
"1995-06-16 16:00","1995","06","16","16:00","13.5","","7.5","","67","","27","","6","","","","","M","","","","","NA"
"1995-06-16 17:00","1995","06","16","17:00","13.2","","7.6","","69","","18","","9","","","","","M","","","","","NA"
"1995-06-16 18:00","1995","06","16","18:00","14.5","","8.5","","67","","18","","9","","","","","M","","","","","NA"
"1995-06-16 19:00","1995","06","16","19:00","14.9","","8.9","","67","","18","","7","","","","","M","","","","","NA"
"1995-06-16 20:00","1995","06","16","20:00","14.5","","9.0","","70","","18","","2","","","","","M","","","","","NA"
"1995-06-16 21:00","1995","06","16","21:00","13.8","","9.2","","74","","18","","4","","","","","M","","","","","NA"
"1995-06-16 22:00","1995","06","16","22:00","13.5","","9.8","","78","","17","","2","","","","","M","","","","","NA"
"1995-06-16 23:00","1995","06","16","23:00","13.1","","10.1","","82","","18","","7","","","","","M","","","","","NA"
"1995-06-17 00:00","1995","06","17","00:00","14.1","","9.6","","74","","18","","20","","","","","M","","","","","NA"
"1995-06-17 01:00","1995","06","17","01:00","12.6","","8.4","","76","","17","","15","","","","","M","","","","","NA"
"1995-06-17 02:00","1995","06","17","02:00","11.9","","8.6","","80","","18","","17","","","","","M","","","","","NA"
"1995-06-17 03:00","1995","06","17","03:00","11.3","","8.7","","84","","18","","17","","","","","M","","","","","NA"
"1995-06-17 04:00","1995","06","17","04:00","10.2","","8.2","","87","","19","","9","","","","","M","","","","","NA"
"1995-06-17 05:00","1995","06","17","05:00","10.4","","8.8","","90","","16","","9","","","","","M","","","","","NA"
"1995-06-17 06:00","1995","06","17","06:00","11.5","","9.4","","87","","17","","17","","","","","M","","","","","NA"
"1995-06-17 07:00","1995","06","17","07:00","13.6","","10.3","","80","","17","","13","","","","","M","","","","","NA"
"1995-06-17 08:00","1995","06","17","08:00","15.8","","11.7","","77","","17","","17","","","","","M","","","","","NA"
"1995-06-17 09:00","1995","06","17","09:00","15.7","","10.9","","73","","17","","20","","","","","M","","","","","NA"
"1995-06-17 10:00","1995","06","17","10:00","15.0","","10.4","","74","","18","","20","","","","","M","","","","","NA"
"1995-06-17 11:00","1995","06","17","11:00","14.8","","9.5","","71","","17","","17","","","","","M","","","","","NA"
"1995-06-17 12:00","1995","06","17","12:00","15.9","","9.7","","67","","17","","17","","","","","M","","","","","NA"
"1995-06-17 13:00","1995","06","17","13:00","16.4","","10.7","","69","","17","","24","","","","","M","","","","","NA"
"1995-06-17 14:00","1995","06","17","14:00","15.4","","10.0","","70","","18","","19","","","","","M","","","","","NA"
"1995-06-17 15:00","1995","06","17","15:00","16.2","","10.7","","70","","16","","9","","","","","M","","","","","NA"
"1995-06-17 16:00","1995","06","17","16:00","15.5","","10.6","","73","","18","","13","","","","","M","","","","","NA"
"1995-06-17 17:00","1995","06","17","17:00","16.9","","10.8","","67","","17","","15","","","","","M","","","","","NA"
"1995-06-17 18:00","1995","06","17","18:00","16.8","","12.5","","76","","19","","7","","","","","M","","","","","NA"
"1995-06-17 19:00","1995","06","17","19:00","17.0","","13.2","","78","","23","","6","","","","","M","","","","","NA"
"1995-06-17 20:00","1995","06","17","20:00","17.0","","13.7","","81","","27","","6","","","","","M","","","","","NA"
"1995-06-17 21:00","1995","06","17","21:00","16.0","","13.4","","85","","24","","6","","","","","M","","","","","NA"
"1995-06-17 22:00","1995","06","17","22:00","15.5","","13.1","","86","","17","","26","","","","","M","","","","","NA"
"1995-06-17 23:00","1995","06","17","23:00","14.3","","12.8","","91","","17","","32","","","","","M","","","","","NA"
"1995-06-18 00:00","1995","06","18","00:00","13.5","","12.4","","93","","19","","24","","","","","M","","","","","NA"
"1995-06-18 01:00","1995","06","18","01:00","11.1","","10.8","","98","","20","","13","","","","","M","","","","","NA"
"1995-06-18 02:00","1995","06","18","02:00","10.9","","10.9","","100","","16","","20","","","","","M","","","","","NA"
"1995-06-18 03:00","1995","06","18","03:00","11.3","","11.3","","100","","17","","28","","","","","M","","","","","NA"
"1995-06-18 04:00","1995","06","18","04:00","9.1","","9.0","","99","","17","","22","","","","","M","","","","","NA"
"1995-06-18 05:00","1995","06","18","05:00","8.2","","8.2","","100","","17","","15","","","","","M","","","","","NA"
"1995-06-18 06:00","1995","06","18","06:00","8.2","","8.2","","100","","20","","2","","","","","M","","","","","NA"
"1995-06-18 07:00","1995","06","18","07:00","8.6","","8.6","","100","","22","","2","","","","","M","","","","","NA"
"1995-06-18 08:00","1995","06","18","08:00","9.9","","9.9","","100","","16","","4","","","","","M","","","","","NA"
"1995-06-18 09:00","1995","06","18","09:00","10.1","","10.1","","100","","18","","6","","","","","M","","","","","NA"
"1995-06-18 10:00","1995","06","18","10:00","9.6","","9.3","","98","","17","","15","","","","","M","","","","","NA"
"1995-06-18 11:00","1995","06","18","11:00","9.9","","8.3","","90","","17","","11","","","","","M","","","","","NA"
"1995-06-18 12:00","1995","06","18","12:00","10.4","","8.0","","85","","17","","11","","","","","M","","","","","NA"
"1995-06-18 13:00","1995","06","18","13:00","10.9","","7.9","","82","","18","","15","","","","","M","","","","","NA"
"1995-06-18 14:00","1995","06","18","14:00","10.0","","8.1","","88","","17","","9","","","","","M","","","","","NA"
"1995-06-18 15:00","1995","06","18","15:00","11.0","","8.2","","83","","17","","19","","","","","M","","","","","NA"
"1995-06-18 16:00","1995","06","18","16:00","12.4","","8.4","","77","","17","","17","","","","","M","","","","","NA"
"1995-06-18 17:00","1995","06","18","17:00","12.0","","8.4","","79","","18","","15","","","","","M","","","","","NA"
"1995-06-18 18:00","1995","06","18","18:00","10.5","","8.4","","87","","17","","11","","","","","M","","","","","NA"
"1995-06-18 19:00","1995","06","18","19:00","11.4","","10.4","","94","","18","","13","","","","","M","","","","","NA"
"1995-06-18 20:00","1995","06","18","20:00","8.3","","7.5","","95","","24","","6","","","","","M","","","","","NA"
"1995-06-18 21:00","1995","06","18","21:00","9.0","","8.5","","97","","14","","2","","","","","M","","","","","NA"
"1995-06-18 22:00","1995","06","18","22:00","10.6","","9.9","","95","","17","","7","","","","","M","","","","","NA"
"1995-06-18 23:00","1995","06","18","23:00","9.0","","8.2","","95","","18","","13","","","","","M","","","","","NA"
"1995-06-19 00:00","1995","06","19","00:00","8.4","","8.4","","100","","19","","11","","","","","M","","","","","NA"
"1995-06-19 01:00","1995","06","19","01:00","7.3","","7.3","","100","","18","","6","","","","","M","","","","","NA"
"1995-06-19 02:00","1995","06","19","02:00","8.3","","8.3","","100","","19","","6","","","","","M","","","","","NA"
"1995-06-19 03:00","1995","06","19","03:00","8.6","","8.6","","100","","23","","4","","","","","M","","","","","NA"
"1995-06-19 04:00","1995","06","19","04:00","7.9","","7.9","","100","","17","","2","","","","","M","","","","","NA"
"1995-06-19 05:00","1995","06","19","05:00","7.2","","7.2","","100","","15","","4","","","","","M","","","","","NA"
"1995-06-19 06:00","1995","06","19","06:00","8.8","","8.8","","100","","2","","2","","","","","M","","","","","NA"
"1995-06-19 07:00","1995","06","19","07:00","11.0","","11.0","","100","","15","","6","","","","","M","","","","","NA"
"1995-06-19 08:00","1995","06","19","08:00","10.8","","9.8","","94","","20","","6","","","","","M","","","","","NA"
"1995-06-19 09:00","1995","06","19","09:00","10.5","","8.4","","87","","20","","4","","","","","M","","","","","NA"
"1995-06-19 10:00","1995","06","19","10:00","10.7","","7.2","","79","","17","","4","","","","","M","","","","","NA"
"1995-06-19 11:00","1995","06","19","11:00","15.2","","11.2","","77","","19","","7","","","","","M","","","","","NA"
"1995-06-19 12:00","1995","06","19","12:00","16.4","","10.6","","69","","18","","7","","","","","M","","","","","NA"
"1995-06-19 13:00","1995","06","19","13:00","16.5","","10.2","","66","","19","","6","","","","","M","","","","","NA"
"1995-06-19 14:00","1995","06","19","14:00","16.4","","9.5","","64","","20","","7","","","","","M","","","","","NA"
"1995-06-19 15:00","1995","06","19","15:00","17.9","","11.5","","66","","17","","9","","","","","M","","","","","NA"
"1995-06-19 16:00","1995","06","19","16:00","18.8","","13.1","","69","","20","","7","","","","","M","","","","","NA"
"1995-06-19 17:00","1995","06","19","17:00","16.8","","11.8","","72","","18","","7","","","","","M","","","","","NA"
"1995-06-19 18:00","1995","06","19","18:00","16.5","","13.0","","80","","16","","9","","","","","M","","","","","NA"
"1995-06-19 19:00","1995","06","19","19:00","16.8","","12.8","","77","","18","","11","","","","","M","","","","","NA"
"1995-06-19 20:00","1995","06","19","20:00","16.3","","12.5","","78","","18","","15","","","","","M","","","","","NA"
"1995-06-19 21:00","1995","06","19","21:00","14.4","","11.9","","85","","18","","9","","","","","M","","","","","NA"
"1995-06-19 22:00","1995","06","19","22:00","14.6","","12.6","","88","","13","","2","","","","","M","","","","","NA"
"1995-06-19 23:00","1995","06","19","23:00","13.0","","11.3","","89","","18","","6","","","","","M","","","","","NA"
"1995-06-20 00:00","1995","06","20","00:00","12.1","","10.9","","92","","27","","4","","","","","M","","","","","NA"
"1995-06-20 01:00","1995","06","20","01:00","12.3","","11.7","","96","","4","","11","","","","","M","","","","","NA"
"1995-06-20 02:00","1995","06","20","02:00","17.6","","","M","","M","6","","30","","","","","M","","","","","NA"
"1995-06-20 03:00","1995","06","20","03:00","16.5","","5.6","","48","","8","","24","","","","","M","","","","","NA"
"1995-06-20 04:00","1995","06","20","04:00","16.5","","5.1","","47","","8","","15","","","","","M","","","","","NA"
"1995-06-20 05:00","1995","06","20","05:00","13.4","","","M","","M","18","","6","","","","","M","","","","","NA"
"1995-06-20 06:00","1995","06","20","06:00","15.0","","5.4","","53","","5","","7","","","","","M","","","","","NA"
"1995-06-20 07:00","1995","06","20","07:00","16.2","","5.3","","48","","8","","17","","","","","M","","","","","NA"
"1995-06-20 08:00","1995","06","20","08:00","17.0","","5.9","","48","","7","","19","","","","","M","","","","","NA"
"1995-06-20 09:00","1995","06","20","09:00","17.7","","7.1","","50","","5","","19","","","","","M","","","","","NA"
"1995-06-20 10:00","1995","06","20","10:00","18.2","","8.0","","51","","8","","22","","","","","M","","","","","NA"
"1995-06-20 11:00","1995","06","20","11:00","20.9","","8.7","","46","","7","","26","","","","","M","","","","","NA"
"1995-06-20 12:00","1995","06","20","12:00","23.5","","9.8","","42","","9","","24","","","","","M","25","","","","NA"
"1995-06-20 13:00","1995","06","20","13:00","25.6","","12.2","","43","","7","","19","","","","","M","28","","","","NA"
"1995-06-20 14:00","1995","06","20","14:00","26.5","","12.8","","43","","7","","22","","","","","M","29","","","","NA"
"1995-06-20 15:00","1995","06","20","15:00","27.0","","9.8","","34","","10","","9","","","","","M","28","","","","NA"
"1995-06-20 16:00","1995","06","20","16:00","18.3","","7.1","","48","","22","","7","","","","","M","","","","","NA"
"1995-06-20 17:00","1995","06","20","17:00","18.3","","7.6","","50","","32","","2","","","","","M","","","","","NA"
"1995-06-20 18:00","1995","06","20","18:00","19.8","","8.6","","48","","28","","7","","","","","M","","","","","NA"
"1995-06-20 19:00","1995","06","20","19:00","19.9","","9.1","","50","","35","","2","","","","","M","","","","","NA"
"1995-06-20 20:00","1995","06","20","20:00","21.1","","11.8","","55","","34","","4","","","","","M","","","","","NA"
"1995-06-20 21:00","1995","06","20","21:00","19.8","","9.5","","51","","10","","9","","","","","M","","","","","NA"
"1995-06-20 22:00","1995","06","20","22:00","19.8","","8.5","","48","","7","","19","","","","","M","","","","","NA"
"1995-06-20 23:00","1995","06","20","23:00","19.1","","8.1","","49","","8","","19","","","","","M","","","","","NA"
"1995-06-21 00:00","1995","06","21","00:00","17.8","","8.4","","54","","7","","19","","","","","M","","","","","NA"
"1995-06-21 01:00","1995","06","21","01:00","16.9","","8.0","","56","","8","","15","","","","","M","","","","","NA"
"1995-06-21 02:00","1995","06","21","02:00","16.0","","8.4","","61","","7","","19","","","","","M","","","","","NA"
"1995-06-21 03:00","1995","06","21","03:00","15.3","","7.8","","61","","6","","11","","","","","M","","","","","NA"
"1995-06-21 04:00","1995","06","21","04:00","16.3","","7.5","","56","","8","","9","","","","","M","","","","","NA"
"1995-06-21 05:00","1995","06","21","05:00","15.2","","7.5","","60","","8","","13","","","","","M","","","","","NA"
"1995-06-21 06:00","1995","06","21","06:00","16.8","","8.6","","58","","6","","13","","","","","M","","","","","NA"
"1995-06-21 07:00","1995","06","21","07:00","19.2","","8.7","","51","","10","","9","","","","","M","","","","","NA"
"1995-06-21 08:00","1995","06","21","08:00","20.1","","9.1","","49","","26","","4","","","","","M","","","","","NA"
"1995-06-21 09:00","1995","06","21","09:00","20.2","","6.2","","40","","17","","22","","","","","M","","","","","NA"
"1995-06-21 10:00","1995","06","21","10:00","17.6","","5.5","","45","","17","","17","","","","","M","","","","","NA"
"1995-06-21 11:00","1995","06","21","11:00","19.6","","5.7","","40","","17","","13","","","","","M","","","","","NA"
"1995-06-21 12:00","1995","06","21","12:00","19.1","","6.1","","43","","18","","4","","","","","M","","","","","NA"
"1995-06-21 13:00","1995","06","21","13:00","17.6","","5.5","","45","","21","","6","","","","","M","","","","","NA"
"1995-06-21 14:00","1995","06","21","14:00","18.3","","5.9","","44","","31","","6","","","","","M","","","","","NA"
"1995-06-21 15:00","1995","06","21","15:00","19.6","","6.3","","42","","30","","6","","","","","M","","","","","NA"
"1995-06-21 16:00","1995","06","21","16:00","19.7","","5.7","","40","","28","","7","","","","","M","","","","","NA"
"1995-06-21 17:00","1995","06","21","17:00","19.5","","5.8","","41","","25","","6","","","","","M","","","","","NA"
"1995-06-21 18:00","1995","06","21","18:00","19.9","","5.6","","39","","23","","4","","","","","M","","","","","NA"
"1995-06-21 19:00","1995","06","21","19:00","19.0","","6.6","","44","","30","","6","","","","","M","","","","","NA"
"1995-06-21 20:00","1995","06","21","20:00","18.9","","7.6","","48","","30","","4","","","","","M","","","","","NA"
"1995-06-21 21:00","1995","06","21","21:00","17.2","","7.4","","52","","30","","4","","","","","M","","","","","NA"
"1995-06-21 22:00","1995","06","21","22:00","15.8","","7.5","","58","","7","","4","","","","","M","","","","","NA"
"1995-06-21 23:00","1995","06","21","23:00","15.3","","7.9","","61","","8","","4","","","","","M","","","","","NA"
"1995-06-22 00:00","1995","06","22","00:00","14.5","","9.1","","70","","5","","2","","","","","M","","","","","NA"
"1995-06-22 01:00","1995","06","22","01:00","13.8","","8.1","","68","","5","","4","","","","","M","","","","","NA"
"1995-06-22 02:00","1995","06","22","02:00","14.2","","8.1","","67","","17","","9","","","","","M","","","","","NA"
"1995-06-22 03:00","1995","06","22","03:00","15.0","","7.7","","62","","19","","7","","","","","M","","","","","NA"
"1995-06-22 04:00","1995","06","22","04:00","13.5","","5.8","","60","","16","","13","","","","","M","","","","","NA"
"1995-06-22 05:00","1995","06","22","05:00","15.8","","5.5","","50","","16","","11","","","","","M","","","","","NA"
"1995-06-22 06:00","1995","06","22","06:00","15.7","","5.5","","51","","17","","13","","","","","M","","","","","NA"
"1995-06-22 07:00","1995","06","22","07:00","15.3","","5.9","","53","","19","","9","","","","","M","","","","","NA"
"1995-06-22 08:00","1995","06","22","08:00","16.4","","6.6","","52","","20","","6","","","","","M","","","","","NA"
"1995-06-22 09:00","1995","06","22","09:00","15.8","","6.5","","54","","26","","4","","","","","M","","","","","NA"
"1995-06-22 10:00","1995","06","22","10:00","16.4","","6.4","","52","","24","","6","","","","","M","","","","","NA"
"1995-06-22 11:00","1995","06","22","11:00","17.1","","6.4","","49","","18","","6","","","","","M","","","","","NA"
"1995-06-22 12:00","1995","06","22","12:00","17.1","","7.0","","51","","25","","7","","","","","M","","","","","NA"
"1995-06-22 13:00","1995","06","22","13:00","16.9","","7.1","","52","","23","","7","","","","","M","","","","","NA"
"1995-06-22 14:00","1995","06","22","14:00","17.0","","7.3","","53","","21","","11","","","","","M","","","","","NA"
"1995-06-22 15:00","1995","06","22","15:00","16.9","","6.8","","51","","23","","4","","","","","M","","","","","NA"
"1995-06-22 16:00","1995","06","22","16:00","17.9","","7.4","","50","","24","","6","","","","","M","","","","","NA"
"1995-06-22 17:00","1995","06","22","17:00","18.4","","8.2","","51","","28","","7","","","","","M","","","","","NA"
"1995-06-22 18:00","1995","06","22","18:00","18.9","","7.8","","48","","22","","4","","","","","M","","","","","NA"
"1995-06-22 19:00","1995","06","22","19:00","19.0","","8.9","","52","","24","","4","","","","","M","","","","","NA"
"1995-06-22 20:00","1995","06","22","20:00","17.5","","8.8","","57","","27","","6","","","","","M","","","","","NA"
"1995-06-22 21:00","1995","06","22","21:00","16.4","","9.1","","62","","28","","4","","","","","M","","","","","NA"
"1995-06-22 22:00","1995","06","22","22:00","15.3","","9.6","","69","","33","","2","","","","","M","","","","","NA"
"1995-06-22 23:00","1995","06","22","23:00","14.6","","9.6","","72","","1","","7","","","","","M","","","","","NA"
"1995-06-23 00:00","1995","06","23","00:00","14.5","","10.7","","78","","7","","6","","","","","M","","","","","NA"
"1995-06-23 01:00","1995","06","23","01:00","14.1","","11.2","","83","","6","","7","","","","","M","","","","","NA"
"1995-06-23 02:00","1995","06","23","02:00","14.5","","10.5","","77","","32","","4","","","","","M","","","","","NA"
"1995-06-23 03:00","1995","06","23","03:00","13.7","","10.5","","81","","16","","7","","","","","M","","","","","NA"
"1995-06-23 04:00","1995","06","23","04:00","15.1","","11.3","","78","","18","","7","","","","","M","","","","","NA"
"1995-06-23 05:00","1995","06","23","05:00","15.0","","11.0","","77","","18","","13","","","","","M","","","","","NA"
"1995-06-23 06:00","1995","06","23","06:00","14.4","","10.4","","77","","17","","7","","","","","M","","","","","NA"
"1995-06-23 07:00","1995","06","23","07:00","15.1","","10.1","","72","","17","","11","","","","","M","","","","","NA"
"1995-06-23 08:00","1995","06","23","08:00","14.3","","9.6","","73","","21","","13","","","","","M","","","","","NA"
"1995-06-23 09:00","1995","06","23","09:00","16.4","","9.7","","65","","16","","13","","","","","M","","","","","NA"
"1995-06-23 10:00","1995","06","23","10:00","17.3","","10.7","","65","","18","","20","","","","","M","","","","","NA"
"1995-06-23 11:00","1995","06","23","11:00","15.0","","9.6","","70","","","","0","","","","","M","","","","","NA"
"1995-06-23 12:00","1995","06","23","12:00","15.8","","9.7","","67","","19","","4","","","","","M","","","","","NA"
"1995-06-23 13:00","1995","06","23","13:00","17.8","","10.0","","60","","19","","13","","","","","M","","","","","NA"
"1995-06-23 14:00","1995","06","23","14:00","15.6","","9.9","","69","","23","","4","","","","","M","","","","","NA"
"1995-06-23 15:00","1995","06","23","15:00","16.4","","10.9","","70","","23","","6","","","","","M","","","","","NA"
"1995-06-23 16:00","1995","06","23","16:00","17.8","","10.6","","63","","17","","9","","","","","M","","","","","NA"
"1995-06-23 17:00","1995","06","23","17:00","14.1","","","M","","M","23","","7","","","","","M","","","","","NA"
"1995-06-23 18:00","1995","06","23","18:00","16.7","","13.0","","79","","17","","7","","","","","M","","","","","NA"
"1995-06-23 19:00","1995","06","23","19:00","16.0","","13.5","","85","","19","","9","","","","","M","","","","","NA"
"1995-06-23 20:00","1995","06","23","20:00","13.4","","11.9","","91","","20","","6","","","","","M","","","","","NA"
"1995-06-23 21:00","1995","06","23","21:00","13.9","","12.7","","92","","17","","4","","","","","M","","","","","NA"
"1995-06-23 22:00","1995","06","23","22:00","13.1","","12.0","","93","","19","","2","","","","","M","","","","","NA"
"1995-06-23 23:00","1995","06","23","23:00","12.5","","11.4","","93","","26","","4","","","","","M","","","","","NA"
"1995-06-24 00:00","1995","06","24","00:00","11.7","","10.8","","94","","26","","4","","","","","M","","","","","NA"
"1995-06-24 01:00","1995","06","24","01:00","12.1","","11.0","","93","","26","","2","","","","","M","","","","","NA"
"1995-06-24 02:00","1995","06","24","02:00","12.8","","12.5","","98","","2","","7","","","","","M","","","","","NA"
"1995-06-24 03:00","1995","06","24","03:00","13.4","","13.1","","98","","7","","7","","","","","M","","","","","NA"
"1995-06-24 04:00","1995","06","24","04:00","13.5","","13.3","","99","","8","","9","","","","","M","","","","","NA"
"1995-06-24 05:00","1995","06","24","05:00","14.3","","14.1","","99","","7","","11","","","","","M","","","","","NA"
"1995-06-24 06:00","1995","06","24","06:00","15.4","","14.7","","96","","6","","11","","","","","M","","","","","NA"
"1995-06-24 07:00","1995","06","24","07:00","18.0","","16.3","","90","","4","","7","","","","","M","","","","","NA"
"1995-06-24 08:00","1995","06","24","08:00","14.2","","12.8","","91","","22","","2","","","","","M","","","","","NA"
"1995-06-24 09:00","1995","06","24","09:00","20.2","","16.5","","79","","31","","7","","","","","M","25","","","","NA"
"1995-06-24 10:00","1995","06","24","10:00","22.6","","16.1","","67","","24","","7","","","","","M","27","","","","NA"
"1995-06-24 11:00","1995","06","24","11:00","19.1","","14.0","","72","","28","","6","","","","","M","","","","","NA"
"1995-06-24 12:00","1995","06","24","12:00","20.5","","16.6","","78","","24","","7","","","","","M","26","","","","NA"
"1995-06-24 13:00","1995","06","24","13:00","17.6","","14.5","","82","","31","","11","","","","","M","","","","","NA"
"1995-06-24 14:00","1995","06","24","14:00","19.0","","13.9","","72","","26","","4","","","","","M","","","","","NA"
"1995-06-24 15:00","1995","06","24","15:00"
"1995-06-24 16:00","1995","06","24","16:00","21.1","","13.0","","60","","18","","4","","","","","M","","","","","NA"
"1995-06-24 17:00","1995","06","24","17:00"
"1995-06-24 18:00","1995","06","24","18:00"
"1995-06-24 19:00","1995","06","24","19:00"
"1995-06-24 20:00","1995","06","24","20:00"
"1995-06-24 21:00","1995","06","24","21:00"
"1995-06-24 22:00","1995","06","24","22:00","18.7","","16.6","","88","","8","","20","","","","","M","","","","","NA"
"1995-06-24 23:00","1995","06","24","23:00","17.7","","16.2","","91","","6","","17","","","","","M","","","","","NA"
"1995-06-25 00:00","1995","06","25","00:00","17.1","","15.8","","92","","7","","17","","","","","M","","","","","NA"
"1995-06-25 01:00","1995","06","25","01:00","16.4","","15.0","","91","","6","","20","","","","","M","","","","","NA"
"1995-06-25 02:00","1995","06","25","02:00","14.6","","13.7","","94","","6","","24","","","","","M","","","","","NA"
"1995-06-25 03:00","1995","06","25","03:00","14.7","","13.8","","94","","6","","28","","","","","M","","","","","NA"
"1995-06-25 04:00","1995","06","25","04:00","14.3","","13.3","","94","","6","","22","","","","","M","","","","","NA"
"1995-06-25 05:00","1995","06","25","05:00","13.5","","13.0","","97","","6","","22","","","","","M","","","","","NA"
"1995-06-25 06:00","1995","06","25","06:00","13.3","","12.5","","95","","5","","20","","","","","M","","","","","NA"
"1995-06-25 07:00","1995","06","25","07:00","13.5","","12.3","","92","","6","","26","","","","","M","","","","","NA"
"1995-06-25 08:00","1995","06","25","08:00","13.5","","12.1","","91","","7","","20","","","","","M","","","","","NA"
"1995-06-25 09:00","1995","06","25","09:00","15.1","","12.2","","83","","7","","24","","","","","M","","","","","NA"
"1995-06-25 10:00","1995","06","25","10:00","17.7","","12.6","","72","","8","","22","","","","","M","","","","","NA"
"1995-06-25 11:00","1995","06","25","11:00","20.5","","13.9","","66","","8","","20","","","","","M","","","","","NA"
"1995-06-25 12:00","1995","06","25","12:00","22.2","","13.7","","59","","8","","28","","","","","M","25","","","","NA"
"1995-06-25 13:00","1995","06","25","13:00","23.7","","13.7","","53","","7","","26","","","","","M","27","","","","NA"
"1995-06-25 14:00","1995","06","25","14:00","23.7","","13.8","","54","","9","","39","","","","","M","27","","","","NA"
"1995-06-25 15:00","1995","06","25","15:00","23.4","","13.8","","55","","9","","35","","","","","M","27","","","","NA"
"1995-06-25 16:00","1995","06","25","16:00","23.6","","13.4","","53","","8","","19","","","","","M","27","","","","NA"
"1995-06-25 17:00","1995","06","25","17:00","22.8","","12.4","","52","","6","","24","","","","","M","25","","","","NA"
"1995-06-25 18:00","1995","06","25","18:00","22.1","","12.0","","53","","6","","28","","","","","M","","","","","NA"
"1995-06-25 19:00","1995","06","25","19:00","20.7","","11.6","","56","","8","","26","","","","","M","","","","","NA"
"1995-06-25 20:00","1995","06","25","20:00","19.8","","11.8","","60","","8","","17","","","","","M","","","","","NA"
"1995-06-25 21:00","1995","06","25","21:00","19.1","","10.4","","57","","8","","26","","","","","M","","","","","NA"
"1995-06-25 22:00","1995","06","25","22:00","18.3","","10.2","","59","","9","","32","","","","","M","","","","","NA"
"1995-06-25 23:00","1995","06","25","23:00","17.6","","10.4","","63","","8","","22","","","","","M","","","","","NA"
"1995-06-26 00:00","1995","06","26","00:00","17.3","","9.4","","60","","9","","24","","","","","M","","","","","NA"
"1995-06-26 01:00","1995","06","26","01:00","16.7","","8.4","","58","","8","","20","","","","","M","","","","","NA"
"1995-06-26 02:00","1995","06","26","02:00","16.0","","8.1","","59","","8","","24","","","","","M","","","","","NA"
"1995-06-26 03:00","1995","06","26","03:00","15.5","","7.5","","59","","7","","20","","","","","M","","","","","NA"
"1995-06-26 04:00","1995","06","26","04:00","14.9","","7.3","","60","","7","","24","","","","","M","","","","","NA"
"1995-06-26 05:00","1995","06","26","05:00","14.4","","7.0","","61","","7","","26","","","","","M","","","","","NA"
"1995-06-26 06:00","1995","06","26","06:00","14.5","","7.1","","61","","6","","28","","","","","M","","","","","NA"
"1995-06-26 07:00","1995","06","26","07:00","14.9","","7.7","","62","","7","","28","","","","","M","","","","","NA"
"1995-06-26 08:00","1995","06","26","08:00","16.2","","8.5","","60","","7","","20","","","","","M","","","","","NA"
"1995-06-26 09:00","1995","06","26","09:00","18.6","","9.4","","55","","5","","9","","","","","M","","","","","NA"
"1995-06-26 10:00","1995","06","26","10:00","21.1","","10.2","","50","","6","","22","","","","","M","","","","","NA"
"1995-06-26 11:00","1995","06","26","11:00","21.6","","10.8","","50","","7","","15","","","","","M","","","","","NA"
"1995-06-26 12:00","1995","06","26","12:00","22.9","","11.6","","49","","6","","7","","","","","M","25","","","","NA"
"1995-06-26 13:00","1995","06","26","13:00","20.4","","12.8","","62","","9","","9","","","","","M","","","","","NA"
"1995-06-26 14:00","1995","06","26","14:00","17.2","","","M","","M","16","","20","","","","","M","","","","","NA"
"1995-06-26 15:00","1995","06","26","15:00","16.0","","14.8","","93","","10","","2","","","","","M","","","","","NA"
"1995-06-26 16:00","1995","06","26","16:00","13.5","","13.4","","99","","1","","2","","","","","M","","","","","NA"
"1995-06-26 17:00","1995","06","26","17:00","17.7","","17.1","","96","","33","","7","","","","","M","","","","","NA"
"1995-06-26 18:00","1995","06","26","18:00","18.2","","17.3","","94","","1","","7","","","","","M","","","","","NA"
"1995-06-26 19:00","1995","06","26","19:00","18.6","","17.7","","95","","8","","6","","","","","M","","","","","NA"
"1995-06-26 20:00","1995","06","26","20:00","18.3","","17.4","","94","","8","","17","","","","","M","","","","","NA"
"1995-06-26 21:00","1995","06","26","21:00","18.9","","17.1","","89","","8","","22","","","","","M","","","","","NA"
"1995-06-26 22:00","1995","06","26","22:00","17.7","","17.6","","99","","7","","19","","","","","M","","","","","NA"
"1995-06-26 23:00","1995","06","26","23:00","17.8","","17.8","","100","","9","","28","","","","","M","","","","","NA"
"1995-06-27 00:00","1995","06","27","00:00","17.8","","17.8","","100","","8","","11","","","","","M","","","","","NA"
"1995-06-27 01:00","1995","06","27","01:00","17.6","","17.6","","100","","36","","9","","","","","M","","","","","NA"
"1995-06-27 02:00","1995","06","27","02:00","17.8","","17.8","","100","","9","","13","","","","","M","","","","","NA"
"1995-06-27 03:00","1995","06","27","03:00","17.8","","17.8","","100","","8","","13","","","","","M","","","","","NA"
"1995-06-27 04:00","1995","06","27","04:00","17.9","","17.7","","99","","8","","22","","","","","M","","","","","NA"
"1995-06-27 05:00","1995","06","27","05:00","17.8","","16.8","","94","","9","","20","","","","","M","","","","","NA"
"1995-06-27 06:00","1995","06","27","06:00","17.9","","16.5","","92","","8","","19","","","","","M","","","","","NA"
"1995-06-27 07:00","1995","06","27","07:00","18.4","","15.9","","85","","8","","24","","","","","M","","","","","NA"
"1995-06-27 08:00","1995","06","27","08:00","19.4","","16.6","","84","","9","","20","","","","","M","","","","","NA"
"1995-06-27 09:00","1995","06","27","09:00","22.4","","18.0","","76","","11","","13","","","","","M","28","","","","NA"
"1995-06-27 10:00","1995","06","27","10:00","21.5","","17.6","","78","","10","","17","","","","","M","27","","","","NA"
"1995-06-27 11:00","1995","06","27","11:00","23.3","","17.6","","70","","18","","6","","","","","M","29","","","","NA"
"1995-06-27 12:00","1995","06","27","12:00","19.6","","16.4","","82","","19","","6","","","","","M","","","","","NA"
"1995-06-27 13:00","1995","06","27","13:00","19.0","","15.8","","82","","23","","9","","","","","M","","","","","NA"
"1995-06-27 14:00","1995","06","27","14:00","16.7","","14.1","","85","","18","","9","","","","","M","","","","","NA"
"1995-06-27 15:00","1995","06","27","15:00","20.3","","19.0","","92","","10","","6","","","","","M","27","","","","NA"
"1995-06-27 16:00","1995","06","27","16:00","21.9","","18.4","","81","","18","","4","","","","","M","28","","","","NA"
"1995-06-27 17:00","1995","06","27","17:00","18.4","","16.4","","88","","32","","6","","","","","M","","","","","NA"
"1995-06-27 18:00","1995","06","27","18:00","21.0","","17.6","","81","","36","","2","","","","","M","27","","","","NA"
"1995-06-27 19:00","1995","06","27","19:00","19.2","","16.0","","82","","22","","7","","","","","M","","","","","NA"
"1995-06-27 20:00","1995","06","27","20:00","17.9","","16.0","","89","","35","","4","","","","","M","","","","","NA"
"1995-06-27 21:00","1995","06","27","21:00","18.4","","16.3","","88","","17","","4","","","","","M","","","","","NA"
"1995-06-27 22:00","1995","06","27","22:00","18.3","","16.9","","92","","7","","2","","","","","M","","","","","NA"
"1995-06-27 23:00","1995","06","27","23:00","19.3","","17.4","","89","","13","","9","","","","","M","","","","","NA"
"1995-06-28 00:00","1995","06","28","00:00","18.1","","16.7","","92","","11","","4","","","","","M","","","","","NA"
"1995-06-28 01:00","1995","06","28","01:00","18.0","","17.1","","94","","11","","9","","","","","M","","","","","NA"
"1995-06-28 02:00","1995","06","28","02:00","19.4","","17.6","","89","","10","","9","","","","","M","","","","","NA"
"1995-06-28 03:00","1995","06","28","03:00","19.7","","17.7","","88","","9","","11","","","","","M","","","","","NA"
"1995-06-28 04:00","1995","06","28","04:00","19.8","","17.7","","88","","9","","13","","","","","M","","","","","NA"
"1995-06-28 05:00","1995","06","28","05:00","19.3","","17.6","","90","","9","","13","","","","","M","","","","","NA"
"1995-06-28 06:00","1995","06","28","06:00","19.3","","17.7","","90","","8","","11","","","","","M","","","","","NA"
"1995-06-28 07:00","1995","06","28","07:00","19.9","","17.8","","88","","8","","9","","","","","M","","","","","NA"
"1995-06-28 08:00","1995","06","28","08:00","20.5","","17.9","","85","","9","","13","","","","","M","26","","","","NA"
"1995-06-28 09:00","1995","06","28","09:00","20.5","","17.6","","83","","10","","13","","","","","M","26","","","","NA"
"1995-06-28 10:00","1995","06","28","10:00","16.3","","15.5","","95","","17","","9","","","","","M","","","","","NA"
"1995-06-28 11:00","1995","06","28","11:00","17.5","","16.5","","94","","18","","6","","","","","M","","","","","NA"
"1995-06-28 12:00","1995","06","28","12:00","18.4","","17.3","","93","","14","","4","","","","","M","","","","","NA"
"1995-06-28 13:00","1995","06","28","13:00","18.8","","17.2","","90","","23","","9","","","","","M","","","","","NA"
"1995-06-28 14:00","1995","06","28","14:00","20.6","","16.8","","79","","19","","9","","","","","M","26","","","","NA"
"1995-06-28 15:00","1995","06","28","15:00","20.4","","16.9","","80","","20","","11","","","","","M","26","","","","NA"
"1995-06-28 16:00","1995","06","28","16:00","19.9","","16.1","","79","","24","","6","","","","","M","","","","","NA"
"1995-06-28 17:00","1995","06","28","17:00","18.7","","15.8","","83","","20","","6","","","","","M","","","","","NA"
"1995-06-28 18:00","1995","06","28","18:00","18.6","","15.9","","84","","24","","4","","","","","M","","","","","NA"
"1995-06-28 19:00","1995","06","28","19:00","17.5","","15.5","","88","","24","","9","","","","","M","","","","","NA"
"1995-06-28 20:00","1995","06","28","20:00","16.8","","15.6","","93","","35","","2","","","","","M","","","","","NA"
"1995-06-28 21:00","1995","06","28","21:00","16.2","","15.6","","96","","35","","6","","","","","M","","","","","NA"
"1995-06-28 22:00","1995","06","28","22:00","16.4","","15.9","","97","","6","","9","","","","","M","","","","","NA"
"1995-06-28 23:00","1995","06","28","23:00","17.0","","16.4","","96","","7","","7","","","","","M","","","","","NA"
"1995-06-29 00:00","1995","06","29","00:00","16.6","","16.2","","97","","8","","7","","","","","M","","","","","NA"
"1995-06-29 01:00","1995","06","29","01:00","16.3","","15.9","","97","","2","","7","","","","","M","","","","","NA"
"1995-06-29 02:00","1995","06","29","02:00","16.8","","16.4","","97","","7","","11","","","","","M","","","","","NA"
"1995-06-29 03:00","1995","06","29","03:00","17.3","","16.6","","96","","7","","11","","","","","M","","","","","NA"
"1995-06-29 04:00","1995","06","29","04:00","17.8","","16.9","","94","","8","","13","","","","","M","","","","","NA"
"1995-06-29 05:00","1995","06","29","05:00","17.5","","17.1","","98","","7","","9","","","","","M","","","","","NA"
"1995-06-29 06:00","1995","06","29","06:00","17.4","","17.1","","98","","6","","7","","","","","M","","","","","NA"
"1995-06-29 07:00","1995","06","29","07:00","17.4","","17.1","","98","","5","","6","","","","","M","","","","","NA"
"1995-06-29 08:00","1995","06","29","08:00","16.6","","16.6","","100","","27","","7","","","","","M","","","","","NA"
"1995-06-29 09:00","1995","06","29","09:00","16.1","","16.1","","100","","17","","7","","","","","M","","","","","NA"
"1995-06-29 10:00","1995","06","29","10:00","16.5","","16.2","","98","","16","","11","","","","","M","","","","","NA"
"1995-06-29 11:00","1995","06","29","11:00","14.8","","14.1","","96","","23","","9","","","","","M","","","","","NA"
"1995-06-29 12:00","1995","06","29","12:00","17.0","","15.4","","90","","16","","11","","","","","M","","","","","NA"
"1995-06-29 13:00","1995","06","29","13:00","16.4","","15.1","","92","","17","","17","","","","","M","","","","","NA"
"1995-06-29 14:00","1995","06","29","14:00","11.4","","10.7","","95","","19","","6","","","","","M","","","","","NA"
"1995-06-29 15:00","1995","06","29","15:00","10.9","","10.8","","99","","16","","19","","","","","M","","","","","NA"
"1995-06-29 16:00","1995","06","29","16:00","10.3","","10.3","","100","","20","","11","","","","","M","","","","","NA"
"1995-06-29 17:00","1995","06","29","17:00","10.6","","10.6","","100","","23","","4","","","","","M","","","","","NA"
"1995-06-29 18:00","1995","06","29","18:00"
"1995-06-29 19:00","1995","06","29","19:00"
"1995-06-29 20:00","1995","06","29","20:00","11.6","","11.6","","100","","34","","6","","","","","M","","","","","NA"
"1995-06-29 21:00","1995","06","29","21:00","11.1","","11.1","","100","","25","","4","","","","","M","","","","","NA"
"1995-06-29 22:00","1995","06","29","22:00","12.5","","12.5","","100","","17","","2","","","","","M","","","","","NA"
"1995-06-29 23:00","1995","06","29","23:00","12.8","","12.8","","100","","11","","2","","","","","M","","","","","NA"
"1995-06-30 00:00","1995","06","30","00:00","11.2","","11.2","","100","","22","","7","","","","","M","","","","","NA"
"1995-06-30 01:00","1995","06","30","01:00","9.5","","9.5","","100","","24","","9","","","","","M","","","","","NA"
"1995-06-30 02:00","1995","06","30","02:00","9.6","","9.6","","100","","16","","4","","","","","M","","","","","NA"
"1995-06-30 03:00","1995","06","30","03:00","9.9","","9.9","","100","","11","","2","","","","","M","","","","","NA"
"1995-06-30 04:00","1995","06","30","04:00","11.0","","11.0","","100","","13","","6","","","","","M","","","","","NA"
"1995-06-30 05:00","1995","06","30","05:00","11.0","","11.0","","100","","18","","7","","","","","M","","","","","NA"
"1995-06-30 06:00","1995","06","30","06:00","8.0","","8.0","","100","","29","","7","","","","","M","","","","","NA"
"1995-06-30 07:00","1995","06","30","07:00","9.1","","9.1","","100","","21","","9","","","","","M","","","","","NA"
"1995-06-30 08:00","1995","06","30","08:00","8.5","","8.5","","100","","16","","9","","","","","M","","","","","NA"
"1995-06-30 09:00","1995","06","30","09:00","8.1","","8.1","","100","","19","","15","","","","","M","","","","","NA"
"1995-06-30 10:00","1995","06","30","10:00","8.9","","8.9","","100","","15","","9","","","","","M","","","","","NA"
"1995-06-30 11:00","1995","06","30","11:00","6.8","","6.8","","100","","20","","15","","","","","M","","","","","NA"
"1995-06-30 12:00","1995","06","30","12:00","6.4","","6.4","","100","","17","","6","","","","","M","","","","","NA"
"1995-06-30 13:00","1995","06","30","13:00","7.1","","7.1","","100","","17","","13","","","","","M","","","","","NA"
"1995-06-30 14:00","1995","06","30","14:00","6.1","","6.1","","100","","17","","13","","","","","M","","","","","NA"
"1995-06-30 15:00","1995","06","30","15:00","7.2","","7.2","","100","","14","","13","","","","","M","","","","","NA"
"1995-06-30 16:00","1995","06","30","16:00","6.0","","6.0","","100","","18","","9","","","","","M","","","","","NA"
"1995-06-30 17:00","1995","06","30","17:00","7.2","","7.2","","100","","17","","13","","","","","M","","","","","NA"
"1995-06-30 18:00","1995","06","30","18:00","6.2","","6.2","","100","","15","","13","","","","","M","","","","","NA"
"1995-06-30 19:00","1995","06","30","19:00","6.6","","6.6","","100","","17","","15","","","","","M","","","","","NA"
"1995-06-30 20:00","1995","06","30","20:00","6.3","","6.3","","100","","18","","9","","","","","M","","","","","NA"
"1995-06-30 21:00","1995","06","30","21:00","5.8","","5.8","","100","","16","","6","","","","","M","","","","","NA"
"1995-06-30 22:00","1995","06","30","22:00","7.3","","7.3","","100","","7","","2","","","","","M","","","","","NA"
"1995-06-30 23:00","1995","06","30","23:00","5.7","","5.7","","100","","19","","6","","","","","M","","","","","NA"
